[gd_scene load_steps=5 format=2]

[ext_resource path="res://ChunkTypes/caves/OutOnHill/OutOnHill.gltf" type="PackedScene" id=1]

[sub_resource type="BoxShape" id=1]
extents = Vector3( 27, 1, 25.178 )

[sub_resource type="BoxShape" id=2]
extents = Vector3( 30, 1, 3.24253 )

[sub_resource type="BoxShape" id=3]
extents = Vector3( 2, 12.724, 30.616 )

[node name="OutOnHill" type="StaticBody"]
collision_layer = 7
collision_mask = 7

[node name="OutOnHill" parent="." instance=ExtResource( 1 )]

[node name="floor" type="CollisionShape" parent="."]
transform = Transform( 1, 0, 0, 0, 1, 0, 0, 0, 1, 0, 4, -4.702 )
shape = SubResource( 1 )

[node name="lower front" type="CollisionShape" parent="."]
transform = Transform( 1, 0, 0, 0, 0.88027, -0.474472, 0, 0.474472, 0.88027, 0, 1.31389, 25.1409 )
shape = SubResource( 2 )

[node name="upper front" type="CollisionShape" parent="."]
transform = Transform( 1, 0, 0, 0, 0.88027, -0.474472, 0, 0.474472, 0.88027, 0, 27.6693, -27.6022 )
shape = SubResource( 2 )

[node name="right" type="CollisionShape" parent="."]
transform = Transform( 1, 0, 0, 0, 0.894115, -0.447837, 0, 0.447837, 0.894115, 29, 4.214, -7.088 )
shape = SubResource( 3 )

[node name="left" type="CollisionShape" parent="."]
transform = Transform( 1, 0, 0, 0, 0.894115, -0.447837, 0, 0.447837, 0.894115, -29, 4.214, -7.088 )
shape = SubResource( 3 )
