[gd_scene load_steps=5 format=2]

[ext_resource path="res://ChunkTypes/caves/tunnel/down/DownTunnel.gltf" type="PackedScene" id=1]

[sub_resource type="BoxShape" id=1]
extents = Vector3( 1, 10, 31.335 )

[sub_resource type="BoxShape" id=2]
extents = Vector3( 30, 1, 34.334 )

[sub_resource type="BoxShape" id=3]
extents = Vector3( 1, 10, 1 )

[node name="DownTunnel" type="StaticBody"]
collision_layer = 7
collision_mask = 7

[node name="DownTunnel" parent="." instance=ExtResource( 1 )]

[node name="right" type="CollisionShape" parent="."]
transform = Transform( 1, -0.000144231, -0.000248816, 1.6403e-05, 0.89235, -0.451345, 0.000287129, 0.451345, 0.89235, 28, 30.902, -0.452 )
shape = SubResource( 1 )

[node name="floor" type="CollisionShape" parent="."]
transform = Transform( 1, -0.000160946, -0.000249191, 3.09944e-05, 0.892114, -0.451812, 0.000295024, 0.451812, 0.892114, 6.2193e-05, 17.3551, 0.163347 )
shape = SubResource( 2 )

[node name="ceiling" type="CollisionShape" parent="."]
transform = Transform( 1, -0.000160946, -0.000249191, 3.11489e-05, 0.89235, -0.451345, 0.000295008, 0.451345, 0.89235, 0.000137433, 43.153, 0.000593394 )
shape = SubResource( 2 )

[node name="left" type="CollisionShape" parent="."]
transform = Transform( 1, -0.000152093, -0.000253475, 2.67866e-05, 0.900577, -0.434697, 0.000294388, 0.434697, 0.900577, -28, 30.902, -0.452 )
shape = SubResource( 1 )

[node name="ColumnL" type="CollisionShape" parent="."]
transform = Transform( 0.999999, 1.16415e-10, 2.47383e-10, -9.45874e-11, 0.999999, -5.96046e-08, 1.30967e-10, -1.78814e-07, 0.999999, -28, 16.617, 29.07 )
shape = SubResource( 3 )

[node name="ColumnR" type="CollisionShape" parent="."]
transform = Transform( 0.999999, 1.16415e-10, 2.47383e-10, -9.45874e-11, 0.999999, -5.96046e-08, 1.30967e-10, -1.78814e-07, 0.999999, 28, 16.617, 29.07 )
shape = SubResource( 3 )
