[gd_scene load_steps=4 format=2]

[ext_resource path="res://ChunkTypes/caves/tunnel/down/DownTunnel.gltf" type="PackedScene" id=1]

[sub_resource type="BoxShape" id=1]
extents = Vector3( 1, 10, 31.335 )

[sub_resource type="BoxShape" id=2]
extents = Vector3( 30, 1, 33 )

[node name="DownTunnel" type="StaticBody"]
collision_layer = 7
collision_mask = 7

[node name="DownTunnel" parent="." instance=ExtResource( 1 )]

[node name="right" type="CollisionShape" parent="."]
transform = Transform( 1, 8.87987e-05, -0.000250958, 3.29951e-05, 0.89411, 0.447848, 0.000264152, -0.447848, 0.89411, 31.0001, 0.90181, -0.451705 )
shape = SubResource( 1 )

[node name="floor" type="CollisionShape" parent="."]
transform = Transform( 1, 8.87987e-05, -0.000250958, 3.29951e-05, 0.89411, 0.447848, 0.000264152, -0.447848, 0.89411, 0, -10.858, 0.386 )
shape = SubResource( 2 )

[node name="ceiling" type="CollisionShape" parent="."]
transform = Transform( 1, 8.87987e-05, -0.000250958, 3.29951e-05, 0.89411, 0.447848, 0.000264152, -0.447848, 0.89411, 0, 13.142, 0.386 )
shape = SubResource( 2 )

[node name="left" type="CollisionShape" parent="."]
transform = Transform( 1, 8.87987e-05, -0.000250958, 3.29951e-05, 0.89411, 0.447848, 0.000264152, -0.447848, 0.89411, -31, 0.902, -0.452 )
shape = SubResource( 1 )
