[gd_scene load_steps=5 format=2]

[ext_resource path="res://forall/chunkconts/hills/caves/reformats/todownmodel.tscn" type="PackedScene" id=1]

[sub_resource type="BoxShape" id=1]
extents = Vector3( 28.3564, 1, 34.3171 )

[sub_resource type="BoxShape" id=2]
extents = Vector3( 1, 17.8339, 38.4749 )

[sub_resource type="BoxShape" id=3]
extents = Vector3( 27.304, 1, 2.90133 )

[node name="cavetodown" type="StaticBody"]
transform = Transform( -1, 0, -8.74228e-08, 0, 1, 0, 8.74228e-08, 0, -1, 0, 0, 0 )
collision_layer = 7
collision_mask = 7

[node name="ceil" type="CollisionShape" parent="."]
transform = Transform( 1, 0, 0, 0, 0.886284, 0.463141, 0, -0.463141, 0.886284, 2.75281e-07, 42.4347, -1.5975 )
shape = SubResource( 1 )

[node name="floor" type="CollisionShape" parent="."]
transform = Transform( 1, 0, 0, 0, 0.894903, 0.44626, 0, -0.44626, 0.894903, 2.75281e-07, 12.202, -2.4641 )
shape = SubResource( 1 )

[node name="wall" type="CollisionShape" parent="."]
transform = Transform( 1, 0, 0, 0, 0.891861, 0.45231, 0, -0.45231, 0.891861, 29.5876, 26.404, 3.42208 )
shape = SubResource( 2 )

[node name="wall2" type="CollisionShape" parent="."]
transform = Transform( 1, 0, 0, 0, 0.885572, 0.464502, 0, -0.464502, 0.885572, -28.0369, 25.1324, -1.18419 )
shape = SubResource( 2 )

[node name="cavetodown" parent="." instance=ExtResource( 1 )]

[node name="to" type="CollisionShape" parent="."]
transform = Transform( 1, 0, 0, 0, 0.912442, -0.409207, 0, 0.409207, 0.912442, -0.0361758, 26.1963, 32.7806 )
shape = SubResource( 3 )
